0.000000000000000000e+00 5.427000000000000313e+01 9.457999999999999829e+01 0.000000000000000000e+00 2.660962612628936768e+02 2.466725780963897705e+02
1.000000000000000000e+00 7.293000000000000682e+01 9.804999999999999716e+01 0.000000000000000000e+00 2.367414379119873047e+02 2.245054249763488770e+02
2.000000000000000000e+00 7.456000000000000227e+01 9.837999999999999545e+01 0.000000000000000000e+00 2.483723421096801758e+02 2.374501645565032959e+02
3.000000000000000000e+00 7.814000000000000057e+01 9.818000000000000682e+01 0.000000000000000000e+00 2.361982140541076660e+02 2.251772227287292480e+02
4.000000000000000000e+00 7.937000000000000455e+01 9.818000000000000682e+01 0.000000000000000000e+00 2.362198817729949951e+02 2.252377932071685791e+02
5.000000000000000000e+00 7.932999999999999829e+01 9.873000000000000398e+01 0.000000000000000000e+00 2.356694498062133789e+02 2.248030507564544678e+02
6.000000000000000000e+00 8.229000000000000625e+01 9.857999999999999829e+01 0.000000000000000000e+00 2.358729279041290283e+02 2.248886158466339111e+02
7.000000000000000000e+00 8.187999999999999545e+01 9.893000000000000682e+01 0.000000000000000000e+00 2.352626812458038330e+02 2.243654165267944336e+02
8.000000000000000000e+00 8.196999999999999886e+01 9.890999999999999659e+01 0.000000000000000000e+00 2.349469881057739258e+02 2.240115814208984375e+02
9.000000000000000000e+00 8.476000000000000512e+01 9.893000000000000682e+01 0.000000000000000000e+00 2.353711206912994385e+02 2.244331040382385254e+02
1.000000000000000000e+01 8.035999999999999943e+01 9.856999999999999318e+01 8.567608695652173534e-01 3.327941343784332275e+02 2.462679791450500488e+02
1.100000000000000000e+01 8.526999999999999602e+01 9.909999999999999432e+01 8.590217391304347805e-01 2.955414509773254395e+02 2.462027158737182617e+02
1.200000000000000000e+01 8.520000000000000284e+01 9.918999999999999773e+01 8.669130434782608141e-01 2.952981088161468506e+02 2.459490025043487549e+02
1.300000000000000000e+01 8.654000000000000625e+01 9.903000000000000114e+01 8.754347826086956719e-01 2.954370515346527100e+02 2.461924288272857666e+02
1.400000000000000000e+01 8.604000000000000625e+01 9.915000000000000568e+01 8.807173913043477853e-01 2.957816507816314697e+02 2.463450090885162354e+02
1.500000000000000000e+01 8.665999999999999659e+01 9.914000000000000057e+01 8.823043478260869099e-01 2.956832792758941650e+02 2.465176060199737549e+02
1.600000000000000000e+01 8.843999999999999773e+01 9.942000000000000171e+01 8.861739130434782563e-01 2.967526361942291260e+02 2.465931127071380615e+02
1.700000000000000000e+01 8.709999999999999432e+01 9.937000000000000455e+01 8.950869565217390855e-01 2.987956633567810059e+02 2.485687618255615234e+02
1.800000000000000000e+01 8.854000000000000625e+01 9.939000000000000057e+01 8.981304347826086776e-01 2.954509241580963135e+02 2.463233115673065186e+02
1.900000000000000000e+01 8.887999999999999545e+01 9.929999999999999716e+01 9.017391304347825987e-01 2.952536725997924805e+02 2.461681618690490723e+02
2.000000000000000000e+01 8.985999999999999943e+01 9.945999999999999375e+01 9.014565217391304897e-01 2.953239059448242188e+02 2.461507093906402588e+02
2.100000000000000000e+01 8.926000000000000512e+01 9.921999999999999886e+01 9.060000000000000275e-01 2.953233380317687988e+02 2.462546794414520264e+02
2.200000000000000000e+01 8.809000000000000341e+01 9.926999999999999602e+01 9.057391304347826022e-01 2.955695216655731201e+02 2.462766659259796143e+02
2.300000000000000000e+01 8.996999999999999886e+01 9.957999999999999829e+01 9.040652173913042988e-01 2.952441430091857910e+02 2.460234158039093018e+02
2.400000000000000000e+01 8.842000000000000171e+01 9.928000000000000114e+01 9.076521739130434252e-01 2.952247800827026367e+02 2.460844442844390869e+02
2.500000000000000000e+01 9.006000000000000227e+01 9.959000000000000341e+01 9.053695652173913144e-01 2.953368182182312012e+02 2.460621864795684814e+02
2.600000000000000000e+01 9.020999999999999375e+01 9.926999999999999602e+01 9.119347826086956488e-01 2.956272261142730713e+02 2.463645346164703369e+02
2.700000000000000000e+01 9.109000000000000341e+01 9.946999999999999886e+01 9.145434782608695690e-01 2.954115104675292969e+02 2.461374557018280029e+02
2.800000000000000000e+01 9.104000000000000625e+01 9.948999999999999488e+01 9.175217391304347769e-01 2.954415159225463867e+02 2.462987906932830811e+02
2.900000000000000000e+01 9.042000000000000171e+01 9.950000000000000000e+01 9.191521739130434909e-01 2.965689415931701660e+02 2.462409975528717041e+02
3.000000000000000000e+01 9.078000000000000114e+01 9.951000000000000512e+01 9.203913043478261224e-01 2.999606223106384277e+02 2.488800508975982666e+02
3.100000000000000000e+01 9.048000000000000398e+01 9.945000000000000284e+01 9.225652173913043708e-01 3.001298613548278809e+02 2.487823607921600342e+02
3.200000000000000000e+01 9.075000000000000000e+01 9.934000000000000341e+01 9.210869565217391086e-01 2.997492451667785645e+02 2.485604264736175537e+02
3.300000000000000000e+01 9.181000000000000227e+01 9.959000000000000341e+01 9.214347826086956017e-01 2.999345462322235107e+02 2.485394279956817627e+02
3.400000000000000000e+01 9.090000000000000568e+01 9.948999999999999488e+01 9.263695652173913331e-01 2.962034797668457031e+02 2.459984674453735352e+02
3.500000000000000000e+01 9.148999999999999488e+01 9.957999999999999829e+01 9.268478260869564833e-01 2.963305187225341797e+02 2.460755081176757812e+02
3.600000000000000000e+01 9.137000000000000455e+01 9.970000000000000284e+01 9.275652173913043752e-01 2.990235445499420166e+02 2.486195843219757080e+02
3.700000000000000000e+01 9.164000000000000057e+01 9.962999999999999545e+01 9.278043478260870058e-01 2.954912624359130859e+02 2.462017040252685547e+02
3.800000000000000000e+01 9.203000000000000114e+01 9.967000000000000171e+01 9.290000000000000480e-01 2.958061041831970215e+02 2.463518946170806885e+02
3.900000000000000000e+01 9.040000000000000568e+01 9.939000000000000057e+01 9.302608695652173632e-01 2.954710934162139893e+02 2.462376940250396729e+02
4.000000000000000000e+01 9.165999999999999659e+01 9.962000000000000455e+01 9.260434782608695237e-01 2.950065369606018066e+02 2.459961795806884766e+02
4.100000000000000000e+01 9.060999999999999943e+01 9.950000000000000000e+01 9.301086956521739113e-01 2.952067427635192871e+02 2.460549392700195312e+02
4.200000000000000000e+01 9.218000000000000682e+01 9.967000000000000171e+01 9.296521739130434447e-01 2.949975326061248779e+02 2.459420337677001953e+02
4.300000000000000000e+01 9.156000000000000227e+01 9.951000000000000512e+01 9.315869565217391735e-01 2.955165226459503174e+02 2.463956289291381836e+02
4.400000000000000000e+01 9.185999999999999943e+01 9.965999999999999659e+01 9.305434782608695832e-01 2.952473716735839844e+02 2.460413966178894043e+02
4.500000000000000000e+01 9.176000000000000512e+01 9.940999999999999659e+01 9.326304347826086527e-01 2.949695789813995361e+02 2.458587713241577148e+02
4.600000000000000000e+01 9.248999999999999488e+01 9.962000000000000455e+01 9.332391304347825711e-01 2.951102471351623535e+02 2.461250364780426025e+02
4.700000000000000000e+01 9.046999999999999886e+01 9.953000000000000114e+01 9.345217391304347920e-01 2.956040401458740234e+02 2.461923961639404297e+02
4.800000000000000000e+01 9.134000000000000341e+01 9.959999999999999432e+01 9.316956521739130359e-01 2.964168581962585449e+02 2.461515917778015137e+02
4.900000000000000000e+01 9.181999999999999318e+01 9.968000000000000682e+01 9.328043478260870103e-01 3.000573334693908691e+02 2.486549310684204102e+02
5.000000000000000000e+01 9.248000000000000398e+01 9.962000000000000455e+01 9.342608695652173667e-01 3.003073587417602539e+02 2.489169309139251709e+02
5.100000000000000000e+01 9.243000000000000682e+01 9.970000000000000284e+01 9.354130434782608194e-01 2.995866749286651611e+02 2.485327682495117188e+02
5.200000000000000000e+01 9.256999999999999318e+01 9.970999999999999375e+01 9.383043478260869596e-01 2.992293801307678223e+02 2.488501551151275635e+02
5.300000000000000000e+01 9.225000000000000000e+01 9.956999999999999318e+01 9.384130434782608221e-01 2.950949797630310059e+02 2.459634063243865967e+02
5.400000000000000000e+01 9.193000000000000682e+01 9.965999999999999659e+01 9.368478260869564922e-01 2.951960995197296143e+02 2.459430339336395264e+02
5.500000000000000000e+01 9.298999999999999488e+01 9.964000000000000057e+01 9.378043478260869037e-01 2.951455392837524414e+02 2.459008238315582275e+02
5.600000000000000000e+01 9.284000000000000341e+01 9.962999999999999545e+01 9.405869565217391814e-01 2.954054317474365234e+02 2.460303726196289062e+02
5.700000000000000000e+01 9.275000000000000000e+01 9.967000000000000171e+01 9.391956521739130981e-01 2.952567973136901855e+02 2.459742531776428223e+02
5.800000000000000000e+01 9.262000000000000455e+01 9.965000000000000568e+01 9.405652173913043868e-01 2.952491247653961182e+02 2.460017623901367188e+02
5.900000000000000000e+01 9.251000000000000512e+01 9.962000000000000455e+01 9.404782608695652080e-01 2.951735012531280518e+02 2.460651097297668457e+02
6.000000000000000000e+01 9.146999999999999886e+01 9.948000000000000398e+01 9.382608695652173703e-01 2.952407441139221191e+02 2.461110424995422363e+02
6.100000000000000000e+01 9.187000000000000455e+01 9.962000000000000455e+01 9.401739130434783043e-01 2.955927977561950684e+02 2.463047678470611572e+02
6.200000000000000000e+01 9.267000000000000171e+01 9.967000000000000171e+01 9.399999999999999467e-01 2.952420318126678467e+02 2.461285450458526611e+02
6.300000000000000000e+01 9.304000000000000625e+01 9.959000000000000341e+01 9.398478260869564949e-01 2.954378592967987061e+02 2.461897308826446533e+02
6.400000000000000000e+01 9.248999999999999488e+01 9.964000000000000057e+01 9.413260869565217570e-01 2.953541581630706787e+02 2.461663486957550049e+02
6.500000000000000000e+01 9.337000000000000455e+01 9.970000000000000284e+01 9.418913043478260860e-01 3.001567234992980957e+02 2.488236188888549805e+02
6.600000000000000000e+01 9.301999999999999602e+01 9.962000000000000455e+01 9.407826086956522227e-01 3.003303496837615967e+02 2.488792924880981445e+02
6.700000000000000000e+01 9.289000000000000057e+01 9.962000000000000455e+01 9.441956521739129915e-01 3.002981319427490234e+02 2.490315756797790527e+02
6.800000000000000000e+01 9.340999999999999659e+01 9.959000000000000341e+01 9.413043478260869623e-01 2.999209249019622803e+02 2.484359953403472900e+02
6.900000000000000000e+01 9.296999999999999886e+01 9.965000000000000568e+01 9.456086956521738696e-01 3.000612144470214844e+02 2.487606050968170166e+02
7.000000000000000000e+01 9.201000000000000512e+01 9.965000000000000568e+01 9.422826086956521685e-01 2.999552762508392334e+02 2.487571406364440918e+02
7.100000000000000000e+01 9.150000000000000000e+01 9.959000000000000341e+01 9.436521739130434572e-01 2.997984499931335449e+02 2.486537735462188721e+02
7.200000000000000000e+01 9.273000000000000398e+01 9.970000000000000284e+01 9.430217391304347441e-01 3.002855896949768066e+02 2.486574559211730957e+02
7.300000000000000000e+01 9.237999999999999545e+01 9.957999999999999829e+01 9.430434782608695388e-01 3.004216022491455078e+02 2.488569786548614502e+02
7.400000000000000000e+01 9.281999999999999318e+01 9.965000000000000568e+01 9.418260869565217019e-01 3.001648955345153809e+02 2.487086465358734131e+02
7.500000000000000000e+01 9.273999999999999488e+01 9.970000000000000284e+01 9.443478260869565544e-01 3.001728122234344482e+02 2.489150142669677734e+02
7.600000000000000000e+01 9.335999999999999943e+01 9.981000000000000227e+01 9.435434782608695947e-01 3.002210638523101807e+02 2.487679994106292725e+02
7.700000000000000000e+01 9.257999999999999829e+01 9.960999999999999943e+01 9.459782608695652684e-01 3.000797712802886963e+02 2.487597687244415283e+02
7.800000000000000000e+01 9.356000000000000227e+01 9.970999999999999375e+01 9.431956521739129906e-01 3.005523281097412109e+02 2.490562331676483154e+02
7.900000000000000000e+01 9.367000000000000171e+01 9.965999999999999659e+01 9.447826086956522262e-01 3.000197284221649170e+02 2.485768744945526123e+02
8.000000000000000000e+01 9.354000000000000625e+01 9.968000000000000682e+01 9.469782608695652693e-01 3.001720066070556641e+02 2.488476743698120117e+02
8.100000000000000000e+01 9.298999999999999488e+01 9.968000000000000682e+01 9.459999999999999520e-01 2.999596765041351318e+02 2.486634180545806885e+02
8.200000000000000000e+01 9.229000000000000625e+01 9.967000000000000171e+01 9.459347826086956790e-01 2.985058751106262207e+02 2.484589438438415527e+02
8.300000000000000000e+01 9.356000000000000227e+01 9.960999999999999943e+01 9.459565217391304737e-01 2.952574641704559326e+02 2.462513003349304199e+02
8.400000000000000000e+01 9.321999999999999886e+01 9.975000000000000000e+01 9.480217391304347485e-01 2.952899541854858398e+02 2.463179414272308350e+02
8.500000000000000000e+01 9.395000000000000284e+01 9.973000000000000398e+01 9.466956521739130492e-01 2.951377296447753906e+02 2.461223680973052979e+02
8.600000000000000000e+01 9.348000000000000398e+01 9.962000000000000455e+01 9.490434782608695441e-01 2.956354746818542480e+02 2.465639009475708008e+02
8.700000000000000000e+01 9.315000000000000568e+01 9.973000000000000398e+01 9.475000000000000089e-01 2.951596343517303467e+02 2.461310601234436035e+02
8.800000000000000000e+01 9.365000000000000568e+01 9.973999999999999488e+01 9.467173913043478439e-01 2.956286859512329102e+02 2.463761813640594482e+02
8.900000000000000000e+01 9.368000000000000682e+01 9.973000000000000398e+01 9.508043478260869152e-01 2.950752069950103760e+02 2.459823107719421387e+02
9.000000000000000000e+01 9.273000000000000398e+01 9.968000000000000682e+01 9.485000000000000098e-01 2.950410149097442627e+02 2.460293438434600830e+02
9.100000000000000000e+01 9.351000000000000512e+01 9.970999999999999375e+01 9.481521739130435167e-01 2.950801916122436523e+02 2.461641311645507812e+02
9.200000000000000000e+01 9.312000000000000455e+01 9.964000000000000057e+01 9.496304347826086678e-01 2.952335779666900635e+02 2.460033600330352783e+02
9.300000000000000000e+01 9.385999999999999943e+01 9.962999999999999545e+01 9.477608695652174342e-01 2.954714138507843018e+02 2.462578535079956055e+02
9.400000000000000000e+01 9.340999999999999659e+01 9.970000000000000284e+01 9.484782608695652151e-01 2.968518886566162109e+02 2.461181123256683350e+02
9.500000000000000000e+01 9.321999999999999886e+01 9.965000000000000568e+01 9.495652173913043947e-01 2.999183537960052490e+02 2.487155432701110840e+02
9.600000000000000000e+01 9.281999999999999318e+01 9.981000000000000227e+01 9.484782608695652151e-01 3.003887693881988525e+02 2.489584889411926270e+02
9.700000000000000000e+01 9.354000000000000625e+01 9.976999999999999602e+01 9.503913043478260381e-01 3.000342097282409668e+02 2.486379790306091309e+02
9.800000000000000000e+01 9.381000000000000227e+01 9.970999999999999375e+01 9.490434782608695441e-01 3.004559230804443359e+02 2.490427572727203369e+02
9.900000000000000000e+01 9.320000000000000284e+01 9.971999999999999886e+01 9.518478260869565055e-01 3.001196415424346924e+02 2.488768243789672852e+02
1.000000000000000000e+02 9.382999999999999829e+01 9.962000000000000455e+01 9.492173913043477906e-01 3.002836093902587891e+02 2.486977090835571289e+02
1.010000000000000000e+02 9.345999999999999375e+01 9.962000000000000455e+01 9.514565217391304230e-01 2.992914903163909912e+02 2.484058663845062256e+02
1.020000000000000000e+02 9.401999999999999602e+01 9.973999999999999488e+01 9.501521739130435185e-01 2.995359163284301758e+02 2.483027663230895996e+02
1.030000000000000000e+02 9.435999999999999943e+01 9.978000000000000114e+01 9.499565217391304772e-01 2.999664950370788574e+02 2.484032802581787109e+02
1.040000000000000000e+02 9.393000000000000682e+01 9.979999999999999716e+01 9.517173913043478484e-01 2.996954698562622070e+02 2.484755048751831055e+02
1.050000000000000000e+02 9.351000000000000512e+01 9.973999999999999488e+01 9.522391304347825880e-01 3.002577180862426758e+02 2.486345403194427490e+02
1.060000000000000000e+02 9.354999999999999716e+01 9.979000000000000625e+01 9.505434782608696009e-01 2.986044578552246094e+02 2.482339005470275879e+02
1.070000000000000000e+02 9.343999999999999773e+01 9.975000000000000000e+01 9.535217391304348089e-01 2.951171464920043945e+02 2.459294292926788330e+02
1.080000000000000000e+02 9.242000000000000171e+01 9.968999999999999773e+01 9.513043478260869712e-01 2.948697624206542969e+02 2.457994878292083740e+02
1.090000000000000000e+02 9.310999999999999943e+01 9.970999999999999375e+01 9.466956521739130492e-01 2.951987731456756592e+02 2.460907435417175293e+02
1.100000000000000000e+02 9.415999999999999659e+01 9.979000000000000625e+01 9.497826086956521197e-01 2.952882721424102783e+02 2.460321168899536133e+02
1.110000000000000000e+02 9.431000000000000227e+01 9.976999999999999602e+01 9.521086956521739308e-01 3.331744849681854248e+02 2.459196922779083252e+02
1.120000000000000000e+02 9.420999999999999375e+01 9.962999999999999545e+01 9.513913043478260390e-01 2.953976664543151855e+02 2.461033775806427002e+02
1.130000000000000000e+02 9.412000000000000455e+01 9.975000000000000000e+01 9.515217391304348071e-01 2.952429635524749756e+02 2.461842367649078369e+02
1.140000000000000000e+02 9.356999999999999318e+01 9.975000000000000000e+01 9.510652173913043406e-01 2.950459001064300537e+02 2.460185644626617432e+02
1.150000000000000000e+02 9.354000000000000625e+01 9.975000000000000000e+01 9.518260869565217108e-01 2.947617416381835938e+02 2.456725630760192871e+02
1.160000000000000000e+02 9.362000000000000455e+01 9.975000000000000000e+01 9.522608695652173827e-01 2.947979607582092285e+02 2.457138504981994629e+02
1.170000000000000000e+02 9.401999999999999602e+01 9.976999999999999602e+01 9.524130434782608345e-01 2.953707506656646729e+02 2.462152402400970459e+02
1.180000000000000000e+02 9.401999999999999602e+01 9.973000000000000398e+01 9.525652173913043974e-01 2.961460447311401367e+02 2.459074087142944336e+02
1.190000000000000000e+02 9.356000000000000227e+01 9.975000000000000000e+01 9.535434782608696036e-01 3.002471315860748291e+02 2.488294694423675537e+02
1.200000000000000000e+02 9.400000000000000000e+01 9.975000000000000000e+01 9.528260869565217117e-01 2.996323583126068115e+02 2.484656815528869629e+02
1.210000000000000000e+02 9.393999999999999773e+01 9.976000000000000512e+01 9.534565217391304248e-01 2.998163170814514160e+02 2.483704662322998047e+02
1.220000000000000000e+02 9.354000000000000625e+01 9.976000000000000512e+01 9.533260869565217677e-01 2.998717212677001953e+02 2.483909060955047607e+02
1.230000000000000000e+02 9.362999999999999545e+01 9.973999999999999488e+01 9.523260869565217668e-01 2.998966727256774902e+02 2.485804495811462402e+02
1.240000000000000000e+02 9.382999999999999829e+01 9.979000000000000625e+01 9.522608695652173827e-01 2.997511992454528809e+02 2.484386649131774902e+02
1.250000000000000000e+02 9.393000000000000682e+01 9.976000000000000512e+01 9.529347826086956852e-01 3.001894886493682861e+02 2.485052554607391357e+02
1.260000000000000000e+02 9.393000000000000682e+01 9.968000000000000682e+01 9.521086956521739308e-01 2.996681985855102539e+02 2.484965379238128662e+02
1.270000000000000000e+02 9.356000000000000227e+01 9.967000000000000171e+01 9.536521739130434661e-01 2.999139332771301270e+02 2.485737876892089844e+02
1.280000000000000000e+02 9.360999999999999943e+01 9.976000000000000512e+01 9.522608695652173827e-01 2.997178077697753906e+02 2.484806969165802002e+02
1.290000000000000000e+02 9.339000000000000057e+01 9.968999999999999773e+01 9.528913043478260958e-01 2.997312645912170410e+02 2.484500365257263184e+02
1.300000000000000000e+02 9.373999999999999488e+01 9.970000000000000284e+01 9.511521739130435193e-01 2.992960219383239746e+02 2.488761365413665771e+02
1.310000000000000000e+02 9.342000000000000171e+01 9.968000000000000682e+01 9.537173913043478501e-01 2.952823219299316406e+02 2.459795110225677490e+02
1.320000000000000000e+02 9.390000000000000568e+01 9.971999999999999886e+01 9.529347826086956852e-01 2.952682137489318848e+02 2.460748147964477539e+02
1.330000000000000000e+02 9.376000000000000512e+01 9.981000000000000227e+01 9.526304347826086705e-01 2.949675693511962891e+02 2.458816540241241455e+02
1.340000000000000000e+02 9.442000000000000171e+01 9.987999999999999545e+01 9.525652173913043974e-01 2.947877063751220703e+02 2.459310517311096191e+02
1.350000000000000000e+02 9.423000000000000398e+01 9.970999999999999375e+01 9.557608695652174413e-01 2.948429567813873291e+02 2.457881965637207031e+02
1.360000000000000000e+02 9.345999999999999375e+01 9.970999999999999375e+01 9.549565217391304817e-01 2.948996167182922363e+02 2.459060816764831543e+02
1.370000000000000000e+02 9.384999999999999432e+01 9.971999999999999886e+01 9.529130434782608905e-01 2.953688559532165527e+02 2.459678483009338379e+02
1.380000000000000000e+02 9.401999999999999602e+01 9.973999999999999488e+01 9.546086956521738776e-01 2.948318507671356201e+02 2.457512645721435547e+02
1.390000000000000000e+02 9.406000000000000227e+01 9.978000000000000114e+01 9.535217391304348089e-01 2.945373358726501465e+02 2.456819260120391846e+02
1.400000000000000000e+02 9.423000000000000398e+01 9.979000000000000625e+01 9.548043478260869188e-01 2.946669573783874512e+02 2.457140614986419678e+02
1.410000000000000000e+02 9.356999999999999318e+01 9.970999999999999375e+01 9.559999999999999609e-01 2.949523220062255859e+02 2.458006541728973389e+02
1.420000000000000000e+02 9.448000000000000398e+01 9.981000000000000227e+01 9.538478260869565073e-01 2.948262791633605957e+02 2.458316271305084229e+02
1.430000000000000000e+02 9.406999999999999318e+01 9.973000000000000398e+01 9.560869565217391397e-01 2.986887516975402832e+02 2.485341551303863525e+02
1.440000000000000000e+02 9.423999999999999488e+01 9.987999999999999545e+01 9.539347826086956861e-01 2.997011814117431641e+02 2.484019773006439209e+02
1.450000000000000000e+02 9.451000000000000512e+01 9.982999999999999829e+01 9.553478260869565641e-01 2.997617900371551514e+02 2.484152319431304932e+02
1.460000000000000000e+02 9.456999999999999318e+01 9.987999999999999545e+01 9.559999999999999609e-01 2.998163216114044189e+02 2.485165634155273438e+02
1.470000000000000000e+02 9.345999999999999375e+01 9.968000000000000682e+01 9.566521739130434687e-01 2.999412600994110107e+02 2.485955986976623535e+02
1.480000000000000000e+02 9.420999999999999375e+01 9.962000000000000455e+01 9.524347826086956292e-01 2.998558785915374756e+02 2.485386652946472168e+02
1.490000000000000000e+02 9.415000000000000568e+01 9.970000000000000284e+01 9.562173913043477969e-01 3.002422063350677490e+02 2.487144978046417236e+02
1.500000000000000000e+02 9.395999999999999375e+01 9.975000000000000000e+01 9.564130434782608381e-01 3.000358357429504395e+02 2.485324149131774902e+02
1.510000000000000000e+02 9.429000000000000625e+01 9.976000000000000512e+01 9.545869565217390829e-01 2.996949195861816406e+02 2.485192053318023682e+02
1.520000000000000000e+02 9.431999999999999318e+01 9.978000000000000114e+01 9.558913043478260985e-01 2.994022357463836670e+02 2.482120347023010254e+02
1.530000000000000000e+02 9.410999999999999943e+01 9.976000000000000512e+01 9.568478260869565100e-01 2.996090879440307617e+02 2.484698159694671631e+02
1.540000000000000000e+02 9.467000000000000171e+01 9.973000000000000398e+01 9.568913043478260994e-01 2.997667791843414307e+02 2.484243786334991455e+02
1.550000000000000000e+02 9.478000000000000114e+01 9.979999999999999716e+01 9.590434782608695530e-01 2.959935350418090820e+02 2.458032808303833008e+02
1.560000000000000000e+02 9.479999999999999716e+01 9.976000000000000512e+01 9.578913043478261002e-01 2.952040336132049561e+02 2.460736041069030762e+02
1.570000000000000000e+02 9.409999999999999432e+01 9.968999999999999773e+01 9.569565217391304834e-01 2.952231020927429199e+02 2.460696346759796143e+02
1.580000000000000000e+02 9.356999999999999318e+01 9.973999999999999488e+01 9.548695652173913029e-01 2.950435318946838379e+02 2.459226739406585693e+02
1.590000000000000000e+02 9.420999999999999375e+01 9.979999999999999716e+01 9.555434782608696054e-01 2.948922829627990723e+02 2.458928809165954590e+02
1.600000000000000000e+02 9.423000000000000398e+01 9.978000000000000114e+01 9.563043478260869756e-01 2.951696000099182129e+02 2.459626989364624023e+02
1.610000000000000000e+02 9.426000000000000512e+01 9.976999999999999602e+01 9.560869565217391397e-01 2.949161183834075928e+02 2.458675251007080078e+02
1.620000000000000000e+02 9.454000000000000625e+01 9.976000000000000512e+01 9.560434782608695503e-01 2.952566132545471191e+02 2.460130097866058350e+02
1.630000000000000000e+02 9.428000000000000114e+01 9.973000000000000398e+01 9.573478260869565659e-01 2.949620273113250732e+02 2.460237536430358887e+02
1.640000000000000000e+02 9.439000000000000057e+01 9.971999999999999886e+01 9.567391304347826475e-01 2.952436079978942871e+02 2.460390274524688721e+02
1.650000000000000000e+02 9.390999999999999659e+01 9.976000000000000512e+01 9.558695652173913038e-01 2.953020300865173340e+02 2.460685560703277588e+02
1.660000000000000000e+02 9.390000000000000568e+01 9.976000000000000512e+01 9.539782608695651644e-01 2.949614999294281006e+02 2.458430781364440918e+02
1.670000000000000000e+02 9.431999999999999318e+01 9.979000000000000625e+01 9.562826086956521809e-01 2.961485581398010254e+02 2.458144466876983643e+02
1.680000000000000000e+02 9.440000000000000568e+01 9.982999999999999829e+01 9.554782608695652213e-01 2.999790468215942383e+02 2.484491090774536133e+02
1.690000000000000000e+02 9.462000000000000455e+01 9.971999999999999886e+01 9.585434782608696080e-01 2.998657870292663574e+02 2.485123200416564941e+02
1.700000000000000000e+02 9.460999999999999943e+01 9.978000000000000114e+01 9.579130434782608949e-01 2.997135789394378662e+02 2.485171051025390625e+02
1.710000000000000000e+02 9.495000000000000284e+01 9.981999999999999318e+01 9.577391304347826484e-01 2.998174593448638916e+02 2.483139705657958984e+02
1.720000000000000000e+02 9.437000000000000455e+01 9.979999999999999716e+01 9.596739130434782661e-01 2.998154537677764893e+02 2.485774881839752197e+02
1.730000000000000000e+02 9.451999999999999602e+01 9.981999999999999318e+01 9.585869565217390864e-01 2.995696170330047607e+02 2.483797118663787842e+02
1.740000000000000000e+02 9.504000000000000625e+01 9.976000000000000512e+01 9.585434782608696080e-01 3.000927636623382568e+02 2.486413218975067139e+02
1.750000000000000000e+02 9.450000000000000000e+01 9.979000000000000625e+01 9.588260869565217170e-01 2.997042720317840576e+02 2.482690415382385254e+02
1.760000000000000000e+02 9.493999999999999773e+01 9.984999999999999432e+01 9.585000000000000187e-01 2.999201350212097168e+02 2.484375767707824707e+02
1.770000000000000000e+02 9.439000000000000057e+01 9.976999999999999602e+01 9.589999999999999636e-01 2.997310137748718262e+02 2.484335532188415527e+02
1.780000000000000000e+02 9.421999999999999886e+01 9.970000000000000284e+01 9.579999999999999627e-01 2.995495378971099854e+02 2.484002115726470947e+02
1.790000000000000000e+02 9.462999999999999545e+01 9.971999999999999886e+01 9.574565217391304284e-01 2.989059586524963379e+02 2.487376484870910645e+02
1.800000000000000000e+02 9.442000000000000171e+01 9.976999999999999602e+01 9.591304347826087318e-01 2.948169276714324951e+02 2.457703492641448975e+02
1.810000000000000000e+02 9.479999999999999716e+01 9.981000000000000227e+01 9.591086956521739371e-01 2.948165833950042725e+02 2.458440806865692139e+02
1.820000000000000000e+02 9.484000000000000341e+01 9.976999999999999602e+01 9.599999999999999645e-01 2.946963415145874023e+02 2.458519284725189209e+02
1.830000000000000000e+02 9.464000000000000057e+01 9.985999999999999943e+01 9.602391304347825951e-01 2.948850853443145752e+02 2.457096517086029053e+02
1.840000000000000000e+02 9.435999999999999943e+01 9.976000000000000512e+01 9.602826086956521845e-01 2.948145143985748291e+02 2.458308575153350830e+02
1.850000000000000000e+02 9.396999999999999886e+01 9.971999999999999886e+01 9.589999999999999636e-01 2.950153646469116211e+02 2.458819203376770020e+02
1.860000000000000000e+02 9.454999999999999716e+01 9.973999999999999488e+01 9.588260869565217170e-01 2.949275014400482178e+02 2.457952878475189209e+02
1.870000000000000000e+02 9.492000000000000171e+01 9.987999999999999545e+01 9.595869565217390873e-01 2.952455844879150391e+02 2.460282537937164307e+02
1.880000000000000000e+02 9.492000000000000171e+01 9.973999999999999488e+01 9.603695652173912523e-01 2.950613312721252441e+02 2.458657534122467041e+02
1.890000000000000000e+02 9.432999999999999829e+01 9.976000000000000512e+01 9.601739130434782110e-01 2.951618642807006836e+02 2.461250443458557129e+02
1.900000000000000000e+02 9.504999999999999716e+01 9.978000000000000114e+01 9.594347826086956355e-01 2.951619968414306641e+02 2.460762159824371338e+02
1.910000000000000000e+02 9.520000000000000284e+01 9.976999999999999602e+01 9.592826086956521836e-01 2.963330135345458984e+02 2.461022586822509766e+02
1.920000000000000000e+02 9.515000000000000568e+01 9.973999999999999488e+01 9.609565217391304870e-01 3.002185690402984619e+02 2.486391642093658447e+02
1.930000000000000000e+02 9.446999999999999886e+01 9.978000000000000114e+01 9.610869565217391441e-01 2.999542655944824219e+02 2.485143430233001709e+02
1.940000000000000000e+02 9.503000000000000114e+01 9.990000000000000568e+01 9.603695652173912523e-01 3.001625397205352783e+02 2.485845010280609131e+02
1.950000000000000000e+02 9.467000000000000171e+01 9.975000000000000000e+01 9.610434782608695548e-01 2.998705658912658691e+02 2.486803696155548096e+02
1.960000000000000000e+02 9.448999999999999488e+01 9.978000000000000114e+01 9.599347826086956914e-01 2.997326853275299072e+02 2.483681144714355469e+02
1.970000000000000000e+02 9.390000000000000568e+01 9.973000000000000398e+01 9.597608695652174449e-01 2.996003587245941162e+02 2.484239273071289062e+02
1.980000000000000000e+02 9.473999999999999488e+01 9.979999999999999716e+01 9.572173913043477977e-01 2.999091877937316895e+02 2.485084977149963379e+02
1.990000000000000000e+02 9.471999999999999886e+01 9.981999999999999318e+01 9.612608695652173907e-01 2.999854135513305664e+02 2.485502822399139404e+02
2.000000000000000000e+02 9.540000000000000568e+01 9.984999999999999432e+01 9.601304347826087326e-01 3.002094566822052002e+02 2.487132279872894287e+02
2.010000000000000000e+02 9.467000000000000171e+01 9.982999999999999829e+01 9.622173913043478022e-01 2.997344946861267090e+02 2.484087879657745361e+02
2.020000000000000000e+02 9.479000000000000625e+01 9.978000000000000114e+01 9.599565217391304861e-01 2.997435104846954346e+02 2.483264889717102051e+02
2.030000000000000000e+02 9.470000000000000284e+01 9.973999999999999488e+01 9.601086956521739380e-01 2.989444847106933594e+02 2.485544762611389160e+02
2.040000000000000000e+02 9.503000000000000114e+01 9.984999999999999432e+01 9.610217391304347601e-01 2.946312520503997803e+02 2.457235057353973389e+02
2.050000000000000000e+02 9.528000000000000114e+01 9.981000000000000227e+01 9.615217391304348160e-01 2.946303486824035645e+02 2.456753356456756592e+02
2.060000000000000000e+02 9.509000000000000341e+01 9.985999999999999943e+01 9.625652173913042953e-01 2.947140634059906006e+02 2.457224342823028564e+02
2.070000000000000000e+02 9.534999999999999432e+01 9.981000000000000227e+01 9.617826086956521303e-01 2.949109058380126953e+02 2.459367685317993164e+02
2.080000000000000000e+02 9.526000000000000512e+01 9.979000000000000625e+01 9.622173913043478022e-01 2.951454479694366455e+02 2.461689920425415039e+02
2.090000000000000000e+02 9.429999999999999716e+01 9.981000000000000227e+01 9.622826086956521863e-01 2.952003734111785889e+02 2.459653184413909912e+02
2.100000000000000000e+02 9.467000000000000171e+01 9.979000000000000625e+01 9.613043478260869801e-01 2.950231719017028809e+02 2.460049092769622803e+02
2.110000000000000000e+02 9.515999999999999659e+01 9.978000000000000114e+01 9.609130434782608976e-01 2.954629905223846436e+02 2.463310089111328125e+02
2.120000000000000000e+02 9.489000000000000057e+01 9.971999999999999886e+01 9.629782608695651724e-01 2.951155297756195068e+02 2.460742611885070801e+02
2.130000000000000000e+02 9.534000000000000341e+01 9.981999999999999318e+01 9.621521739130435291e-01 2.949341008663177490e+02 2.458202283382415771e+02
2.140000000000000000e+02 9.495000000000000284e+01 9.964000000000000057e+01 9.619347826086956932e-01 2.949533298015594482e+02 2.461178607940673828e+02
2.150000000000000000e+02 9.440000000000000568e+01 9.971999999999999886e+01 9.618695652173913091e-01 2.963438513278961182e+02 2.459900667667388916e+02
2.160000000000000000e+02 9.459999999999999432e+01 9.970999999999999375e+01 9.616086956521738838e-01 2.996733686923980713e+02 2.486618328094482422e+02
2.170000000000000000e+02 9.457999999999999829e+01 9.978000000000000114e+01 9.623478260869565704e-01 3.000334324836730957e+02 2.484958448410034180e+02
2.180000000000000000e+02 9.490999999999999659e+01 9.981999999999999318e+01 9.607391304347826511e-01 2.997342085838317871e+02 2.485216164588928223e+02
2.190000000000000000e+02 9.490000000000000568e+01 9.984000000000000341e+01 9.621304347826087344e-01 3.000293581485748291e+02 2.486845934391021729e+02
2.200000000000000000e+02 9.540999999999999659e+01 9.976000000000000512e+01 9.626086956521738847e-01 2.998679072856903076e+02 2.485585756301879883e+02
2.210000000000000000e+02 9.537999999999999545e+01 9.973999999999999488e+01 9.631304347826087353e-01 2.999465627670288086e+02 2.486733214855194092e+02
2.220000000000000000e+02 9.532999999999999829e+01 9.984999999999999432e+01 9.629782608695651724e-01 3.002138137817382812e+02 2.488137080669403076e+02
2.230000000000000000e+02 9.523000000000000398e+01 9.982999999999999829e+01 9.615869565217390891e-01 2.998440971374511719e+02 2.485654170513153076e+02
2.240000000000000000e+02 9.503000000000000114e+01 9.975000000000000000e+01 9.620434782608695556e-01 2.997723288536071777e+02 2.484388182163238525e+02
2.250000000000000000e+02 9.507999999999999829e+01 9.979000000000000625e+01 9.626304347826086794e-01 3.002573711872100830e+02 2.488310554027557373e+02
2.260000000000000000e+02 9.478000000000000114e+01 9.982999999999999829e+01 9.632391304347825978e-01 3.001675548553466797e+02 2.485404083728790283e+02
2.270000000000000000e+02 9.554000000000000625e+01 9.985999999999999943e+01 9.621956521739130075e-01 2.991356942653656006e+02 2.489615738391876221e+02
2.280000000000000000e+02 9.553000000000000114e+01 9.979000000000000625e+01 9.633478260869565712e-01 2.951797850131988525e+02 2.460949575901031494e+02
2.290000000000000000e+02 9.560999999999999943e+01 9.982999999999999829e+01 9.642826086956521880e-01 2.951867635250091553e+02 2.462583620548248291e+02
2.300000000000000000e+02 9.554000000000000625e+01 9.979999999999999716e+01 9.646086956521738864e-01 2.948013489246368408e+02 2.460428440570831299e+02
2.310000000000000000e+02 9.459999999999999432e+01 9.981000000000000227e+01 9.635869565217390909e-01 2.951994712352752686e+02 2.461969919204711914e+02
2.320000000000000000e+02 9.534000000000000341e+01 9.976999999999999602e+01 9.622608695652173916e-01 2.954767467975616455e+02 2.463598263263702393e+02
2.330000000000000000e+02 9.520999999999999375e+01 9.984000000000000341e+01 9.632608695652173925e-01 2.951466717720031738e+02 2.461275389194488525e+02
2.340000000000000000e+02 9.523000000000000398e+01 9.984999999999999432e+01 9.633913043478260496e-01 2.953265836238861084e+02 2.464005498886108398e+02
2.350000000000000000e+02 9.571999999999999886e+01 9.981999999999999318e+01 9.639565217391304897e-01 2.953823661804199219e+02 2.464655926227569580e+02
2.360000000000000000e+02 9.575000000000000000e+01 9.987000000000000455e+01 9.647173913043478599e-01 2.949405226707458496e+02 2.461513357162475586e+02
2.370000000000000000e+02 9.539000000000000057e+01 9.982999999999999829e+01 9.646304347826086811e-01 2.952654869556427002e+02 2.462434458732604980e+02
2.380000000000000000e+02 9.579999999999999716e+01 9.987999999999999545e+01 9.635217391304348178e-01 2.952087776660919189e+02 2.462368412017822266e+02
2.390000000000000000e+02 9.534000000000000341e+01 9.973000000000000398e+01 9.649130434782609012e-01 2.962767305374145508e+02 2.461284072399139404e+02
2.400000000000000000e+02 9.529999999999999716e+01 9.979999999999999716e+01 9.651956521739130102e-01 2.999868447780609131e+02 2.485860030651092529e+02
2.410000000000000000e+02 9.551000000000000512e+01 9.981000000000000227e+01 9.632826086956521872e-01 3.001694276332855225e+02 2.487055783271789551e+02
2.420000000000000000e+02 9.509999999999999432e+01 9.979000000000000625e+01 9.640652173913043521e-01 3.002890028953552246e+02 2.487235069274902344e+02
2.430000000000000000e+02 9.545000000000000284e+01 9.979999999999999716e+01 9.641956521739130093e-01 2.997149565219879150e+02 2.484976668357849121e+02
2.440000000000000000e+02 9.579999999999999716e+01 9.979999999999999716e+01 9.645217391304348187e-01 3.003061020374298096e+02 2.488921504020690918e+02
2.450000000000000000e+02 9.540000000000000568e+01 9.984999999999999432e+01 9.645869565217390917e-01 3.000384659767150879e+02 2.485749835968017578e+02
2.460000000000000000e+02 9.523000000000000398e+01 9.968999999999999773e+01 9.654782608695652302e-01 3.002359690666198730e+02 2.490852119922637939e+02
2.470000000000000000e+02 9.551999999999999602e+01 9.984999999999999432e+01 9.647826086956521330e-01 3.000453343391418457e+02 2.486199378967285156e+02
2.480000000000000000e+02 9.556000000000000227e+01 9.976000000000000512e+01 9.648478260869565171e-01 2.997473249435424805e+02 2.485790290832519531e+02
2.490000000000000000e+02 9.529000000000000625e+01 9.976999999999999602e+01 9.643260869565217774e-01 3.001276345252990723e+02 2.489013352394104004e+02
2.500000000000000000e+02 9.550000000000000000e+01 9.973000000000000398e+01 9.646521739130434758e-01 2.998157689571380615e+02 2.486121623516082764e+02
2.510000000000000000e+02 9.532999999999999829e+01 9.984999999999999432e+01 9.648913043478261065e-01 2.988144259452819824e+02 2.486105747222900391e+02
2.520000000000000000e+02 9.510999999999999943e+01 9.975000000000000000e+01 9.655000000000000249e-01 2.951682593822479248e+02 2.461471016407012939e+02
2.530000000000000000e+02 9.550000000000000000e+01 9.976999999999999602e+01 9.644782608695652293e-01 2.949058885574340820e+02 2.459384839534759521e+02
2.540000000000000000e+02 9.559000000000000341e+01 9.982999999999999829e+01 9.647826086956521330e-01 2.953162803649902344e+02 2.461765465736389160e+02
2.550000000000000000e+02 9.581999999999999318e+01 9.975000000000000000e+01 9.656521739130434767e-01 2.949957997798919678e+02 2.461758871078491211e+02
2.560000000000000000e+02 9.537000000000000455e+01 9.984999999999999432e+01 9.661521739130435327e-01 2.948619053363800049e+02 2.460056705474853516e+02
2.570000000000000000e+02 9.570000000000000284e+01 9.979000000000000625e+01 9.654782608695652302e-01 2.954741621017456055e+02 2.463937108516693115e+02
2.580000000000000000e+02 9.565000000000000568e+01 9.979000000000000625e+01 9.654565217391304355e-01 2.946470129489898682e+02 2.455788450241088867e+02
2.590000000000000000e+02 9.576999999999999602e+01 9.979000000000000625e+01 9.651739130434782155e-01 2.943676919937133789e+02 2.454869275093078613e+02
2.600000000000000000e+02 9.498000000000000398e+01 9.975000000000000000e+01 9.655217391304348196e-01 2.942540054321289062e+02 2.455026783943176270e+02
2.610000000000000000e+02 9.571999999999999886e+01 9.982999999999999829e+01 9.650217391304347636e-01 2.944760732650756836e+02 2.453966286182403564e+02
2.620000000000000000e+02 9.560999999999999943e+01 9.981000000000000227e+01 9.655652173913042979e-01 2.943718616962432861e+02 2.455033862590789795e+02
2.630000000000000000e+02 9.553000000000000114e+01 9.976999999999999602e+01 9.660434782608695592e-01 2.941667850017547607e+02 2.454192576408386230e+02
2.640000000000000000e+02 9.529999999999999716e+01 9.976999999999999602e+01 9.658043478260869286e-01 2.976365430355072021e+02 2.477708253860473633e+02
2.650000000000000000e+02 9.553000000000000114e+01 9.976999999999999602e+01 9.654782608695652302e-01 2.991365294456481934e+02 2.480474555492401123e+02
2.660000000000000000e+02 9.543999999999999773e+01 9.979999999999999716e+01 9.658913043478261073e-01 2.992636642456054688e+02 2.481343028545379639e+02
2.670000000000000000e+02 9.553000000000000114e+01 9.976999999999999602e+01 9.661086956521739433e-01 2.979488708972930908e+02 2.479842274188995361e+02
2.680000000000000000e+02 9.575000000000000000e+01 9.979999999999999716e+01 9.653695652173912567e-01 2.952355422973632812e+02 2.459430944919586182e+02
2.690000000000000000e+02 9.585999999999999943e+01 9.984999999999999432e+01 9.652608695652173942e-01 2.939683027267456055e+02 2.452227118015289307e+02
2.700000000000000000e+02 9.581000000000000227e+01 9.981999999999999318e+01 9.660217391304347645e-01 2.940839767456054688e+02 2.453909161090850830e+02
2.710000000000000000e+02 9.543999999999999773e+01 9.978000000000000114e+01 9.656739130434782714e-01 2.940031611919403076e+02 2.453988823890686035e+02
2.720000000000000000e+02 9.564000000000000057e+01 9.978000000000000114e+01 9.659347826086956967e-01 2.938845388889312744e+02 2.454279711246490479e+02
2.730000000000000000e+02 9.556999999999999318e+01 9.976999999999999602e+01 9.653695652173912567e-01 2.945784077644348145e+02 2.455862588882446289e+02
2.740000000000000000e+02 9.565000000000000568e+01 9.976000000000000512e+01 9.657391304347826555e-01 2.945299446582794189e+02 2.457197184562683105e+02
2.750000000000000000e+02 9.551999999999999602e+01 9.973000000000000398e+01 9.661521739130435327e-01 2.944111049175262451e+02 2.457392218112945557e+02
2.760000000000000000e+02 9.551999999999999602e+01 9.984000000000000341e+01 9.660217391304347645e-01 2.947576432228088379e+02 2.458701772689819336e+02
2.770000000000000000e+02 9.514000000000000057e+01 9.982999999999999829e+01 9.660217391304347645e-01 2.944819164276123047e+02 2.458839657306671143e+02
2.780000000000000000e+02 9.595999999999999375e+01 9.979000000000000625e+01 9.666086956521738882e-01 2.946475243568420410e+02 2.459947035312652588e+02
2.790000000000000000e+02 9.573999999999999488e+01 9.976000000000000512e+01 9.665434782608696151e-01 2.958997116088867188e+02 2.458532338142395020e+02
2.800000000000000000e+02 9.562999999999999545e+01 9.976000000000000512e+01 9.665000000000000258e-01 2.989078004360198975e+02 2.486132206916809082e+02
2.810000000000000000e+02 9.578000000000000114e+01 9.971999999999999886e+01 9.659347826086956967e-01 2.994773149490356445e+02 2.483417463302612305e+02
2.820000000000000000e+02 9.570999999999999375e+01 9.973000000000000398e+01 9.662173913043478057e-01 3.000663838386535645e+02 2.489113738536834717e+02
2.830000000000000000e+02 9.548000000000000398e+01 9.976999999999999602e+01 9.664130434782608470e-01 2.996940011978149414e+02 2.486277325153350830e+02
2.840000000000000000e+02 9.587999999999999545e+01 9.970000000000000284e+01 9.663695652173912576e-01 2.995107252597808838e+02 2.485148708820343018e+02
2.850000000000000000e+02 9.606000000000000227e+01 9.975000000000000000e+01 9.660869565217391486e-01 2.998940205574035645e+02 2.486297991275787354e+02
2.860000000000000000e+02 9.565000000000000568e+01 9.976999999999999602e+01 9.667391304347826564e-01 2.981043193340301514e+02 2.483898320198059082e+02
2.870000000000000000e+02 9.601000000000000512e+01 9.981000000000000227e+01 9.663695652173912576e-01 2.949477672576904297e+02 2.461264348030090332e+02
2.880000000000000000e+02 9.565999999999999659e+01 9.979999999999999716e+01 9.666304347826086829e-01 2.944005358219146729e+02 2.458640816211700439e+02
2.890000000000000000e+02 9.589000000000000057e+01 9.987999999999999545e+01 9.663695652173912576e-01 2.962126576900482178e+02 2.461953475475311279e+02
2.900000000000000000e+02 9.598000000000000398e+01 9.985999999999999943e+01 9.669565217391303813e-01 2.983757543563842773e+02 2.486762576103210449e+02
2.910000000000000000e+02 9.593999999999999773e+01 9.979999999999999716e+01 9.671086956521739442e-01 2.958421747684478760e+02 2.461367204189300537e+02
2.920000000000000000e+02 9.606000000000000227e+01 9.984999999999999432e+01 9.666304347826086829e-01 2.980229437351226807e+02 2.482264685630798340e+02
2.930000000000000000e+02 9.587999999999999545e+01 9.979000000000000625e+01 9.668043478260869295e-01 2.944576716423034668e+02 2.458321003913879395e+02
2.940000000000000000e+02 9.610999999999999943e+01 9.979999999999999716e+01 9.668260869565217241e-01 2.946975159645080566e+02 2.462032849788665771e+02
2.950000000000000000e+02 9.598999999999999488e+01 9.982999999999999829e+01 9.666086956521738882e-01 2.949725072383880615e+02 2.460579898357391357e+02
2.960000000000000000e+02 9.582999999999999829e+01 9.976999999999999602e+01 9.669999999999999707e-01 2.974422640800476074e+02 2.473142416477203369e+02
2.970000000000000000e+02 9.548000000000000398e+01 9.973000000000000398e+01 9.667826086956521348e-01 2.975020799636840820e+02 2.461903023719787598e+02
2.980000000000000000e+02 9.582999999999999829e+01 9.979999999999999716e+01 9.665652173913042988e-01 2.950123591423034668e+02 2.453251433372497559e+02
2.990000000000000000e+02 9.587999999999999545e+01 9.978000000000000114e+01 9.666304347826086829e-01 2.912864949703216553e+02 2.427238595485687256e+02
3.000000000000000000e+02 9.615999999999999659e+01 9.982999999999999829e+01 9.664130434782608470e-01 2.926218194961547852e+02 2.429580302238464355e+02
3.010000000000000000e+02 9.598000000000000398e+01 9.976999999999999602e+01 9.667173913043478617e-01 2.948146991729736328e+02 2.452410826683044434e+02
3.020000000000000000e+02 9.584000000000000341e+01 9.976000000000000512e+01 9.670652173913043548e-01 2.911708209514617920e+02 2.427367348670959473e+02
3.030000000000000000e+02 9.573999999999999488e+01 9.970999999999999375e+01 9.668913043478261082e-01 2.912434380054473877e+02 2.427487044334411621e+02
3.040000000000000000e+02 9.598999999999999488e+01 9.970000000000000284e+01 9.663695652173912576e-01 2.928628201484680176e+02 2.431034486293792725e+02
3.050000000000000000e+02 9.604999999999999716e+01 9.979000000000000625e+01 9.664782608695652311e-01 2.929075276851654053e+02 2.427127289772033691e+02
3.060000000000000000e+02 9.581999999999999318e+01 9.987999999999999545e+01 9.669999999999999707e-01 2.981743669509887695e+02 2.486917667388916016e+02
3.070000000000000000e+02 9.575000000000000000e+01 9.979000000000000625e+01 9.667173913043478617e-01 2.950607697963714600e+02 2.465644414424896240e+02
3.080000000000000000e+02 9.570999999999999375e+01 9.981000000000000227e+01 9.668913043478261082e-01 2.952218699455261230e+02 2.463247835636138916e+02
3.090000000000000000e+02 9.612000000000000455e+01 9.985999999999999943e+01 9.664782608695652311e-01 2.948958280086517334e+02 2.462444918155670166e+02
3.100000000000000000e+02 9.604999999999999716e+01 9.978000000000000114e+01 9.671086956521739442e-01 2.947523102760314941e+02 2.461931357383728027e+02
3.110000000000000000e+02 9.560999999999999943e+01 9.973000000000000398e+01 9.669130434782609029e-01 2.949730086326599121e+02 2.461149241924285889e+02
3.120000000000000000e+02 9.581999999999999318e+01 9.982999999999999829e+01 9.661521739130435327e-01 2.949229032993316650e+02 2.462101931571960449e+02
3.130000000000000000e+02 9.581999999999999318e+01 9.985999999999999943e+01 9.669130434782609029e-01 2.949352400302886963e+02 2.461197063922882080e+02
3.140000000000000000e+02 9.628000000000000114e+01 9.975000000000000000e+01 9.669999999999999707e-01 2.948608725070953369e+02 2.462133579254150391e+02
3.150000000000000000e+02 9.634000000000000341e+01 9.984000000000000341e+01 9.669999999999999707e-01 2.946484324932098389e+02 2.460863959789276123e+02
3.160000000000000000e+02 9.560999999999999943e+01 9.981999999999999318e+01 9.672826086956521907e-01 2.946917626857757568e+02 2.459621078968048096e+02
3.170000000000000000e+02 9.581000000000000227e+01 9.979000000000000625e+01 9.665217391304348205e-01 2.949231970310211182e+02 2.461409461498260498e+02
3.180000000000000000e+02 9.631999999999999318e+01 9.982999999999999829e+01 9.670217391304347654e-01 2.948393127918243408e+02 2.462517571449279785e+02
3.190000000000000000e+02 9.589000000000000057e+01 9.976000000000000512e+01 9.673695652173912585e-01 2.987172667980194092e+02 2.488402862548828125e+02
3.200000000000000000e+02 9.623999999999999488e+01 9.973000000000000398e+01 9.666521739130434776e-01 3.006255881786346436e+02 2.490855305194854736e+02
3.210000000000000000e+02 9.637000000000000455e+01 9.978000000000000114e+01 9.670434782608695601e-01 3.000254225730895996e+02 2.489754676818847656e+02
3.220000000000000000e+02 9.623000000000000398e+01 9.971999999999999886e+01 9.673043478260869854e-01 2.997286050319671631e+02 2.487575180530548096e+02
3.230000000000000000e+02 9.598000000000000398e+01 9.981000000000000227e+01 9.670434782608695601e-01 2.985413787364959717e+02 2.488647446632385254e+02
3.240000000000000000e+02 9.598000000000000398e+01 9.973999999999999488e+01 9.671956521739130119e-01 2.984348034858703613e+02 2.488033301830291748e+02
3.250000000000000000e+02 9.604999999999999716e+01 9.978000000000000114e+01 9.670652173913043548e-01 2.950332767963409424e+02 2.462377104759216309e+02
3.260000000000000000e+02 9.603000000000000114e+01 9.962999999999999545e+01 9.668260869565217241e-01 2.950670900344848633e+02 2.462553162574768066e+02
3.270000000000000000e+02 9.620000000000000284e+01 9.971999999999999886e+01 9.674130434782608479e-01 2.950824894905090332e+02 2.464704530239105225e+02
3.280000000000000000e+02 9.614000000000000057e+01 9.976999999999999602e+01 9.672391304347826013e-01 2.949160971641540527e+02 2.463392736911773682e+02
3.290000000000000000e+02 9.632999999999999829e+01 9.981000000000000227e+01 9.671956521739130119e-01 2.949702360630035400e+02 2.463362472057342529e+02
3.300000000000000000e+02 9.620000000000000284e+01 9.976000000000000512e+01 9.673478260869565748e-01 2.944976007938385010e+02 2.460324411392211914e+02
3.310000000000000000e+02 9.587999999999999545e+01 9.975000000000000000e+01 9.668260869565217241e-01 2.952665336132049561e+02 2.464679124355316162e+02
3.320000000000000000e+02 9.625000000000000000e+01 9.976000000000000512e+01 9.670652173913043548e-01 2.950476486682891846e+02 2.463799908161163330e+02
3.330000000000000000e+02 9.595999999999999375e+01 9.973000000000000398e+01 9.670652173913043548e-01 2.951301243305206299e+02 2.464125761985778809e+02
3.340000000000000000e+02 9.634999999999999432e+01 9.981000000000000227e+01 9.669130434782609029e-01 2.947875587940216064e+02 2.462099151611328125e+02
3.350000000000000000e+02 9.618999999999999773e+01 9.979000000000000625e+01 9.668478260869565188e-01 2.948050978183746338e+02 2.462522642612457275e+02
3.360000000000000000e+02 9.642000000000000171e+01 9.973999999999999488e+01 9.671739130434782172e-01 2.951084930896759033e+02 2.464562726020812988e+02
3.370000000000000000e+02 9.612999999999999545e+01 9.973999999999999488e+01 9.672391304347826013e-01 2.988889260292053223e+02 2.492002263069152832e+02
3.380000000000000000e+02 9.621999999999999886e+01 9.979999999999999716e+01 9.669130434782609029e-01 2.988786866664886475e+02 2.490203790664672852e+02
3.390000000000000000e+02 9.618999999999999773e+01 9.971999999999999886e+01 9.668260869565217241e-01 2.948847455978393555e+02 2.462367467880249023e+02
3.400000000000000000e+02 9.628000000000000114e+01 9.981999999999999318e+01 9.671739130434782172e-01 2.960902128219604492e+02 2.464866101741790771e+02
3.410000000000000000e+02 9.646999999999999886e+01 9.978000000000000114e+01 9.671739130434782172e-01 3.133493983745574951e+02 2.628104536533355713e+02
3.420000000000000000e+02 9.635999999999999943e+01 9.978000000000000114e+01 9.673478260869565748e-01 3.039572768211364746e+02 2.529082832336425781e+02
3.430000000000000000e+02 9.609000000000000341e+01 9.979999999999999716e+01 9.673260869565217801e-01 3.035076045989990234e+02 2.520009198188781738e+02
3.440000000000000000e+02 9.634000000000000341e+01 9.976000000000000512e+01 9.674130434782608479e-01 3.049556198120117188e+02 2.536185467243194580e+02
3.450000000000000000e+02 9.618000000000000682e+01 9.975000000000000000e+01 9.674782608695652319e-01 3.184173626899719238e+02 2.651169362068176270e+02
3.460000000000000000e+02 9.604000000000000625e+01 9.982999999999999829e+01 9.672391304347826013e-01 3.166609599590301514e+02 2.632933747768402100e+02
3.470000000000000000e+02 9.626000000000000512e+01 9.979999999999999716e+01 9.673043478260869854e-01 9.910611773729324341e+03 9.857616864442825317e+03
3.480000000000000000e+02 9.625000000000000000e+01 9.979999999999999716e+01 9.673043478260869854e-01 2.944225931167602539e+02 2.436962513923645020e+02
3.490000000000000000e+02 9.648999999999999488e+01 9.979999999999999716e+01 9.673043478260869854e-01 3.014770073890686035e+02 2.501150958538055420e+02
3.500000000000000000e+02 9.612999999999999545e+01 9.975000000000000000e+01 9.672391304347826013e-01 2.973242013454437256e+02 2.474851715564727783e+02
3.510000000000000000e+02 9.621999999999999886e+01 9.978000000000000114e+01 9.672391304347826013e-01 3.013631210327148438e+02 2.504068377017974854e+02
3.520000000000000000e+02 9.650000000000000000e+01 9.973999999999999488e+01 9.674347826086956426e-01 3.081315832138061523e+02 2.561211006641387939e+02
3.530000000000000000e+02 9.648000000000000398e+01 9.976000000000000512e+01 9.673043478260869854e-01 4.602677400112152100e+02 4.090520699024200439e+02
3.540000000000000000e+02 9.662999999999999545e+01 9.984999999999999432e+01 9.675652173913042997e-01 2.948647072315216064e+02 2.464368333816528320e+02
3.550000000000000000e+02 9.673999999999999488e+01 9.987000000000000455e+01 9.675000000000000266e-01 2.947424829006195068e+02 2.462790982723236084e+02
3.560000000000000000e+02 9.668999999999999773e+01 9.981000000000000227e+01 9.675652173913042997e-01 2.948346869945526123e+02 2.463633069992065430e+02
3.570000000000000000e+02 9.645999999999999375e+01 9.973000000000000398e+01 9.675000000000000266e-01 2.948001668453216553e+02 2.461469728946685791e+02
3.580000000000000000e+02 9.671999999999999886e+01 9.984000000000000341e+01 9.673478260869565748e-01 2.952399628162384033e+02 2.465150063037872314e+02
3.590000000000000000e+02 9.651000000000000512e+01 9.981999999999999318e+01 9.674347826086956426e-01 2.946314485073089600e+02 2.462104182243347168e+02
3.600000000000000000e+02 9.640000000000000568e+01 9.978000000000000114e+01 9.675000000000000266e-01 2.950058152675628662e+02 2.463334813117980957e+02
3.610000000000000000e+02 9.651000000000000512e+01 9.979000000000000625e+01 9.673913043478260532e-01 2.948453664779663086e+02 2.465016889572143555e+02
3.620000000000000000e+02 9.670999999999999375e+01 9.981000000000000227e+01 9.674565217391304373e-01 2.948651461601257324e+02 2.464032647609710693e+02
3.630000000000000000e+02 9.659000000000000341e+01 9.981999999999999318e+01 9.674130434782608479e-01 2.949538052082061768e+02 2.465235693454742432e+02
3.640000000000000000e+02 9.673000000000000398e+01 9.976000000000000512e+01 9.673043478260869854e-01 2.955361578464508057e+02 2.467346360683441162e+02
3.650000000000000000e+02 9.634000000000000341e+01 9.973000000000000398e+01 9.672173913043478066e-01 2.960719628334045410e+02 2.461485874652862549e+02
3.660000000000000000e+02 9.659000000000000341e+01 9.979000000000000625e+01 9.673043478260869854e-01 3.000522105693817139e+02 2.490050773620605469e+02
3.670000000000000000e+02 9.667000000000000171e+01 9.975000000000000000e+01 9.672826086956521907e-01 2.999934298992156982e+02 2.489148249626159668e+02
3.680000000000000000e+02 9.673999999999999488e+01 9.981000000000000227e+01 9.673260869565217801e-01 3.098175086975097656e+02 2.491687781810760498e+02
3.690000000000000000e+02 9.640000000000000568e+01 9.982999999999999829e+01 9.671739130434782172e-01 3.256197047233581543e+02 2.489591603279113770e+02
3.700000000000000000e+02 9.656999999999999318e+01 9.973999999999999488e+01 9.672608695652173960e-01 3.003207144737243652e+02 2.492272534370422363e+02
3.710000000000000000e+02 9.685999999999999943e+01 9.965999999999999659e+01 9.673478260869565748e-01 3.002248275279998779e+02 2.493885493278503418e+02
3.720000000000000000e+02 9.645000000000000284e+01 9.979000000000000625e+01 9.674565217391304373e-01 3.003175928592681885e+02 2.491407763957977295e+02
3.730000000000000000e+02 9.651999999999999602e+01 9.981999999999999318e+01 9.674565217391304373e-01 2.996667399406433105e+02 2.489449865818023682e+02
3.740000000000000000e+02 9.673000000000000398e+01 9.965999999999999659e+01 9.674347826086956426e-01 3.000189104080200195e+02 2.489525954723358154e+02
3.750000000000000000e+02 9.676999999999999602e+01 9.979999999999999716e+01 9.673478260869565748e-01 2.998871877193450928e+02 2.491645917892456055e+02
3.760000000000000000e+02 9.664000000000000057e+01 9.970999999999999375e+01 9.673695652173912585e-01 3.001303503513336182e+02 2.492785773277282715e+02
3.770000000000000000e+02 9.673999999999999488e+01 9.973999999999999488e+01 9.673043478260869854e-01 3.001769495010375977e+02 2.492623450756072998e+02
3.780000000000000000e+02 9.670000000000000284e+01 9.976000000000000512e+01 9.674347826086956426e-01 2.997603273391723633e+02 2.489392349720001221e+02
3.790000000000000000e+02 9.692000000000000171e+01 9.976999999999999602e+01 9.673478260869565748e-01 2.993865132331848145e+02 2.489751760959625244e+02
3.800000000000000000e+02 9.676999999999999602e+01 9.973999999999999488e+01 9.674130434782608479e-01 3.002165954113006592e+02 2.490908188819885254e+02
3.810000000000000000e+02 9.675000000000000000e+01 9.975000000000000000e+01 9.675000000000000266e-01 2.999715018272399902e+02 2.492518901824951172e+02
3.820000000000000000e+02 9.679000000000000625e+01 9.978000000000000114e+01 9.674782608695652319e-01 2.998871064186096191e+02 2.491075148582458496e+02
3.830000000000000000e+02 9.679000000000000625e+01 9.984000000000000341e+01 9.674130434782608479e-01 3.000875980854034424e+02 2.491745676994323730e+02
3.840000000000000000e+02 9.684000000000000341e+01 9.979999999999999716e+01 9.674565217391304373e-01 2.994239675998687744e+02 2.487540957927703857e+02
3.850000000000000000e+02 9.709000000000000341e+01 9.973000000000000398e+01 9.673913043478260532e-01 3.002367737293243408e+02 2.492748095989227295e+02
3.860000000000000000e+02 9.668999999999999773e+01 9.976999999999999602e+01 9.673913043478260532e-01 3.000013954639434814e+02 2.491567158699035645e+02
3.870000000000000000e+02 9.687999999999999545e+01 9.978000000000000114e+01 9.673695652173912585e-01 3.001791868209838867e+02 2.491280269622802734e+02
3.880000000000000000e+02 9.668000000000000682e+01 9.979999999999999716e+01 9.673913043478260532e-01 2.994729344844818115e+02 2.492154858112335205e+02
3.890000000000000000e+02 9.687999999999999545e+01 9.982999999999999829e+01 9.673695652173912585e-01 2.947705082893371582e+02 2.462184166908264160e+02
3.900000000000000000e+02 9.681999999999999318e+01 9.979000000000000625e+01 9.674130434782608479e-01 2.949081282615661621e+02 2.464867906570434570e+02
3.910000000000000000e+02 9.687000000000000455e+01 9.978000000000000114e+01 9.674130434782608479e-01 2.949727461338043213e+02 2.463744900226593018e+02
3.920000000000000000e+02 9.676999999999999602e+01 9.981000000000000227e+01 9.674130434782608479e-01 2.948655407428741455e+02 2.465109848976135254e+02
3.930000000000000000e+02 9.673999999999999488e+01 9.979000000000000625e+01 9.674130434782608479e-01 2.950062241554260254e+02 2.463753807544708252e+02
3.940000000000000000e+02 9.682999999999999829e+01 9.979999999999999716e+01 9.673913043478260532e-01 2.948505249023437500e+02 2.464632833003997803e+02
3.950000000000000000e+02 9.667000000000000171e+01 9.981999999999999318e+01 9.674130434782608479e-01 2.944949519634246826e+02 2.464439918994903564e+02
3.960000000000000000e+02 9.698000000000000398e+01 9.973000000000000398e+01 9.674130434782608479e-01 2.953029794692993164e+02 2.464965252876281738e+02
3.970000000000000000e+02 9.698999999999999488e+01 9.976999999999999602e+01 9.673478260869565748e-01 2.951372067928314209e+02 2.464987747669219971e+02
3.980000000000000000e+02 9.693999999999999773e+01 9.981000000000000227e+01 9.673478260869565748e-01 2.949555966854095459e+02 2.464906213283538818e+02
3.990000000000000000e+02 9.687000000000000455e+01 9.970999999999999375e+01 9.673913043478260532e-01 2.949216856956481934e+02 2.464780380725860596e+02
4.000000000000000000e+02 9.687000000000000455e+01 9.976999999999999602e+01 9.673695652173912585e-01 2.967159118652343750e+02 2.468017845153808594e+02
4.010000000000000000e+02 9.700000000000000000e+01 9.970999999999999375e+01 9.673913043478260532e-01 3.001036651134490967e+02 2.491834533214569092e+02
4.020000000000000000e+02 9.689000000000000057e+01 9.967000000000000171e+01 9.673695652173912585e-01 2.999976820945739746e+02 2.492340455055236816e+02
4.030000000000000000e+02 9.698999999999999488e+01 9.979999999999999716e+01 9.673478260869565748e-01 2.998129999637603760e+02 2.490757806301116943e+02
4.040000000000000000e+02 9.700000000000000000e+01 9.979000000000000625e+01 9.673260869565217801e-01 2.999054703712463379e+02 2.491025080680847168e+02
4.050000000000000000e+02 9.695999999999999375e+01 9.984000000000000341e+01 9.673913043478260532e-01 2.997536242008209229e+02 2.490789661407470703e+02
4.060000000000000000e+02 9.693999999999999773e+01 9.973000000000000398e+01 9.673260869565217801e-01 3.000267906188964844e+02 2.491757836341857910e+02
4.070000000000000000e+02 9.703000000000000114e+01 9.981000000000000227e+01 9.673695652173912585e-01 2.998188672065734863e+02 2.490917751789093018e+02
4.080000000000000000e+02 9.695000000000000284e+01 9.976000000000000512e+01 9.673043478260869854e-01 3.002474648952484131e+02 2.491506631374359131e+02
4.090000000000000000e+02 9.681999999999999318e+01 9.981999999999999318e+01 9.673695652173912585e-01 2.998572680950164795e+02 2.490244657993316650e+02
4.100000000000000000e+02 9.707999999999999829e+01 9.982999999999999829e+01 9.672608695652173960e-01 3.003170895576477051e+02 2.493583109378814697e+02
4.110000000000000000e+02 9.714000000000000057e+01 9.984000000000000341e+01 9.674130434782608479e-01 2.997386000156402588e+02 2.489693250656127930e+02
4.120000000000000000e+02 9.720000000000000284e+01 9.981999999999999318e+01 9.673478260869565748e-01 2.990066721439361572e+02 2.494337034225463867e+02
4.130000000000000000e+02 9.693000000000000682e+01 9.981000000000000227e+01 9.673913043478260532e-01 2.945403835773468018e+02 2.465176622867584229e+02
4.140000000000000000e+02 9.701000000000000512e+01 9.981999999999999318e+01 9.673260869565217801e-01 2.953547878265380859e+02 2.465451664924621582e+02
4.150000000000000000e+02 9.701000000000000512e+01 9.976999999999999602e+01 9.673260869565217801e-01 2.952528347969055176e+02 2.465953309535980225e+02
4.160000000000000000e+02 9.704999999999999716e+01 9.976000000000000512e+01 9.673478260869565748e-01 2.950644733905792236e+02 2.465581955909729004e+02
4.170000000000000000e+02 9.698000000000000398e+01 9.979000000000000625e+01 9.673695652173912585e-01 2.947799992561340332e+02 2.464420735836029053e+02
4.180000000000000000e+02 9.690000000000000568e+01 9.976999999999999602e+01 9.673260869565217801e-01 2.951427104473114014e+02 2.465610432624816895e+02
4.190000000000000000e+02 9.689000000000000057e+01 9.979000000000000625e+01 9.673695652173912585e-01 2.945546665191650391e+02 2.464404935836791992e+02
4.200000000000000000e+02 9.690000000000000568e+01 9.981999999999999318e+01 9.673913043478260532e-01 2.954748361110687256e+02 2.468699951171875000e+02
4.210000000000000000e+02 9.704999999999999716e+01 9.976000000000000512e+01 9.673695652173912585e-01 2.951566576957702637e+02 2.465156927108764648e+02
4.220000000000000000e+02 9.700000000000000000e+01 9.979000000000000625e+01 9.673478260869565748e-01 2.946419575214385986e+02 2.463536636829376221e+02
4.230000000000000000e+02 9.703000000000000114e+01 9.979000000000000625e+01 9.673478260869565748e-01 2.950463886260986328e+02 2.466464383602142334e+02
4.240000000000000000e+02 9.706999999999999318e+01 9.976000000000000512e+01 9.673478260869565748e-01 2.962219996452331543e+02 2.463761396408081055e+02
4.250000000000000000e+02 9.712999999999999545e+01 9.981999999999999318e+01 9.673260869565217801e-01 2.996010837554931641e+02 2.489445390701293945e+02
4.260000000000000000e+02 9.701000000000000512e+01 9.976999999999999602e+01 9.673478260869565748e-01 2.995570724010467529e+02 2.489016580581665039e+02
4.270000000000000000e+02 9.695000000000000284e+01 9.973999999999999488e+01 9.673695652173912585e-01 2.994702355861663818e+02 2.488121778964996338e+02
4.280000000000000000e+02 9.707999999999999829e+01 9.979000000000000625e+01 9.673478260869565748e-01 3.001476800441741943e+02 2.491057794094085693e+02
4.290000000000000000e+02 9.701999999999999602e+01 9.975000000000000000e+01 9.673695652173912585e-01 2.995595769882202148e+02 2.491811242103576660e+02
4.300000000000000000e+02 9.703000000000000114e+01 9.979000000000000625e+01 9.673260869565217801e-01 2.998552358150482178e+02 2.490685346126556396e+02
4.310000000000000000e+02 9.700000000000000000e+01 9.984000000000000341e+01 9.673043478260869854e-01 2.999172518253326416e+02 2.490031709671020508e+02
4.320000000000000000e+02 9.709999999999999432e+01 9.979999999999999716e+01 9.673043478260869854e-01 3.001778590679168701e+02 2.492151839733123779e+02
4.330000000000000000e+02 9.718000000000000682e+01 9.981999999999999318e+01 9.673260869565217801e-01 3.000804436206817627e+02 2.491181864738464355e+02
4.340000000000000000e+02 9.715000000000000568e+01 9.979000000000000625e+01 9.673260869565217801e-01 3.002263083457946777e+02 2.491583235263824463e+02
4.350000000000000000e+02 9.714000000000000057e+01 9.978000000000000114e+01 9.673478260869565748e-01 2.999164824485778809e+02 2.489845044612884521e+02
4.360000000000000000e+02 9.715000000000000568e+01 9.973999999999999488e+01 9.673260869565217801e-01 2.984890792369842529e+02 2.487898013591766357e+02
4.370000000000000000e+02 9.707999999999999829e+01 9.976999999999999602e+01 9.673478260869565748e-01 2.944990127086639404e+02 2.462742738723754883e+02
4.380000000000000000e+02 9.704000000000000625e+01 9.979999999999999716e+01 9.673260869565217801e-01 2.948695619106292725e+02 2.464294679164886475e+02
4.390000000000000000e+02 9.726999999999999602e+01 9.970999999999999375e+01 9.673043478260869854e-01 2.945663032531738281e+02 2.460567395687103271e+02
4.400000000000000000e+02 9.723999999999999488e+01 9.979000000000000625e+01 9.673478260869565748e-01 2.947756867408752441e+02 2.466072585582733154e+02
4.410000000000000000e+02 9.712000000000000455e+01 9.979000000000000625e+01 9.673478260869565748e-01 2.946560630798339844e+02 2.465824885368347168e+02
4.420000000000000000e+02 9.714000000000000057e+01 9.975000000000000000e+01 9.673478260869565748e-01 2.947216038703918457e+02 2.464030771255493164e+02
4.430000000000000000e+02 9.712000000000000455e+01 9.976999999999999602e+01 9.673478260869565748e-01 2.946470696926116943e+02 2.463200256824493408e+02
4.440000000000000000e+02 9.718999999999999773e+01 9.978000000000000114e+01 9.673478260869565748e-01 2.949364385604858398e+02 2.464805305004119873e+02
4.450000000000000000e+02 9.720999999999999375e+01 9.973000000000000398e+01 9.673478260869565748e-01 2.946061959266662598e+02 2.464204595088958740e+02
4.460000000000000000e+02 9.706000000000000227e+01 9.981999999999999318e+01 9.673478260869565748e-01 2.946051959991455078e+02 2.464302651882171631e+02
4.470000000000000000e+02 9.715000000000000568e+01 9.979999999999999716e+01 9.673478260869565748e-01 2.950197820663452148e+02 2.463018908500671387e+02
4.480000000000000000e+02 9.696999999999999886e+01 9.981000000000000227e+01 9.673478260869565748e-01 2.950056722164154053e+02 2.464276804924011230e+02
4.490000000000000000e+02 9.721999999999999886e+01 9.981000000000000227e+01 9.673043478260869854e-01 2.990080308914184570e+02 2.492463445663452148e+02
4.500000000000000000e+02 9.720999999999999375e+01 9.975000000000000000e+01 9.673478260869565748e-01 3.001272792816162109e+02 2.493820774555206299e+02
4.510000000000000000e+02 9.717000000000000171e+01 9.979999999999999716e+01 9.673478260869565748e-01 2.999338948726654053e+02 2.491136319637298584e+02
4.520000000000000000e+02 9.731000000000000227e+01 9.979999999999999716e+01 9.672826086956521907e-01 3.003612663745880127e+02 2.491578145027160645e+02
4.530000000000000000e+02 9.700000000000000000e+01 9.982999999999999829e+01 9.673478260869565748e-01 3.001432833671569824e+02 2.493546345233917236e+02
4.540000000000000000e+02 9.717000000000000171e+01 9.976999999999999602e+01 9.673478260869565748e-01 3.002773625850677490e+02 2.493014161586761475e+02
4.550000000000000000e+02 9.723000000000000398e+01 9.976000000000000512e+01 9.673478260869565748e-01 2.998012771606445312e+02 2.489592008590698242e+02
4.560000000000000000e+02 9.710999999999999943e+01 9.979000000000000625e+01 9.673478260869565748e-01 2.999420447349548340e+02 2.492272083759307861e+02
4.570000000000000000e+02 9.712000000000000455e+01 9.979000000000000625e+01 9.673478260869565748e-01 3.004870581626892090e+02 2.495586783885955811e+02
4.580000000000000000e+02 9.726999999999999602e+01 9.971999999999999886e+01 9.673478260869565748e-01 3.002661812305450439e+02 2.491677381992340088e+02
